0.285 0
0.855 151
1.425 375
1.995 619
2.565 721
3.135 845
3.705 908
4.275 928
4.845 916
5.415 911
5.985 833
6.555 850
7.125 788
7.695 848
8.265 748
8.835 698
9.405 674
9.975 627
10.545 590
11.115 565
11.685 521
12.255 457
12.825 419
13.395 389
13.965 365
14.535 338
15.105 310
15.675 311
16.245 268
16.815 240
17.385 198
17.955 188
18.525 198
19.095 156
19.665 119
20.235 145
20.805 129
21.375 103
21.945 98
22.515 95
23.085 96
23.655 87
24.225 62
24.795 63
25.365 46
25.935 55
26.505 39
27.075 49
27.645 29
28.215 26
28.785 22
29.355 28
29.925 17
30.495 26
31.065 16
31.635 32
32.205 16
32.775 14
33.345 12
33.915 20
34.485 13
35.055 10
35.625 11
36.195 5
36.765 8
37.335 3
37.905 6
38.475 1
39.045 3
39.615 2
40.185 3
40.755 3
41.325 2
41.895 1
42.465 5
43.035 3
43.605 1
44.175 3
44.745 2
45.315 1
45.885 0
46.455 1
47.025 1
47.595 0
48.165 1
48.735 2
49.305 1
49.875 1
50.445 0
51.015 0
51.585 1
52.155 0
52.725 2
53.295 0
53.865 0
54.435 0
55.005 1
55.575 0
56.145 0
56.715 0
