0.25 0
0.75 102
1.25 320
1.75 459
2.25 566
2.75 674
3.25 741
3.75 748
4.25 783
4.75 781
5.25 820
5.75 860
6.25 810
6.75 807
7.25 716
7.75 763
8.25 670
8.75 700
9.25 650
9.75 593
10.25 585
10.75 540
11.25 488
11.75 474
12.25 430
12.75 421
13.25 375
13.75 361
14.25 350
14.75 312
15.25 270
15.75 270
16.25 222
16.75 212
17.25 212
17.75 164
18.25 190
18.75 152
19.25 157
19.75 123
20.25 107
20.75 109
21.25 103
21.75 104
22.25 87
22.75 70
23.25 97
23.75 91
24.25 56
24.75 51
25.25 52
25.75 36
26.25 49
26.75 46
27.25 40
27.75 33
28.25 26
28.75 29
29.25 24
29.75 25
30.25 32
30.75 21
31.25 22
31.75 16
32.25 14
32.75 18
33.25 15
33.75 11
34.25 8
34.75 6
35.25 11
35.75 8
36.25 7
36.75 7
37.25 7
37.75 4
38.25 1
38.75 9
39.25 4
39.75 3
40.25 6
40.75 4
41.25 4
41.75 0
42.25 3
42.75 1
43.25 3
43.75 6
44.25 0
44.75 3
45.25 0
45.75 3
46.25 2
46.75 1
47.25 2
47.75 0
48.25 1
48.75 0
49.25 0
49.75 0
